CabernetSauvignon,2003,#,#,#,3,2,4,6,6,6,1,6
CabernetSauvignon,2003,3,2,4,3,1,4,1,4,2,1,1
CabernetSauvignon,2003,3,1,4,4,1,4,1,3,6,1,3
CabernetSauvignon,2003,#,#,#,4,1,4,6,6,6,1,6
CabernetSauvignon,2003,4,1,4,4,1,4,1,4,2,1,1
CabernetSauvignon,2003,4,1,4,4,1,4,1,3,6,1,3
CabernetSauvignon,2003,#,#,#,4,1,4,6,6,6,1,6
CabernetSauvignon,2003,4,1,4,4,1,5,1,4,2,1,1
CabernetSauvignon,2004,#,#,#,2,3,3,1,6,6,1,6
CabernetSauvignon,2004,2,3,3,2,3,3,1,5,1,1,1
CabernetSauvignon,2004,2,3,3,3,2,3,1,5,6,1,2
CabernetSauvignon,2004,3,2,3,3,1,4,1,3,6,1,6
CabernetSauvignon,2004,3,1,4,4,1,4,1,4,6,1,3
CabernetSauvignon,2004,#,#,#,3,2,4,1,6,6,1,6
CabernetSauvignon,2004,3,2,4,4,2,4,1,5,1,1,1
CabernetSauvignon,2004,4,2,4,4,1,4,1,5,6,1,2
CabernetSauvignon,2004,4,1,4,4,1,4,1,3,6,1,6
CabernetSauvignon,2004,4,1,4,4,1,4,1,4,6,1,3
CabernetSauvignon,2004,#,#,#,2,2,4,1,6,6,1,6
CabernetSauvignon,2004,2,2,4,3,2,4,1,5,1,1,1
CabernetSauvignon,2004,3,2,4,4,1,4,1,5,6,1,2
CabernetSauvignon,2004,4,1,4,4,1,4,1,3,6,1,6
CabernetSauvignon,2005,#,#,#,3,3,3,1,6,6,1,6
CabernetSauvignon,2005,3,3,3,3,2,3,1,4,6,1,3
CabernetSauvignon,2005,3,2,3,4,2,3,1,4,6,1,1
CabernetSauvignon,2005,4,2,3,4,2,4,1,3,6,1,6
CabernetSauvignon,2005,4,2,4,4,2,4,1,4,6,1,5
CabernetSauvignon,2005,4,2,4,4,1,4,1,2,1,1,1
CabernetSauvignon,2005,#,#,#,3,3,3,1,6,6,1,6
CabernetSauvignon,2005,3,3,3,3,2,3,1,4,6,1,3
CabernetSauvignon,2005,3,2,3,3,2,3,1,4,6,1,1
CabernetSauvignon,2005,3,2,3,3,2,4,1,3,6,1,6
CabernetSauvignon,2005,3,2,4,4,1,4,1,4,6,1,5
CabernetSauvignon,2005,4,1,4,4,1,4,1,2,1,1,1
CabernetSauvignon,2005,#,#,#,3,3,3,1,6,6,1,6
CabernetSauvignon,2005,3,3,3,4,2,3,1,4,6,1,3
CabernetSauvignon,2005,4,2,3,4,2,4,1,4,6,1,1
CabernetSauvignon,2005,4,2,4,4,2,4,1,3,6,1,6
CabernetSauvignon,2005,4,2,4,4,2,4,1,4,6,1,5
CabernetSauvignon,2005,4,2,4,4,2,4,1,2,1,1,1
CabernetSauvignon,2006,#,#,#,3,3,3,1,6,6,1,6
CabernetSauvignon,2006,3,3,3,4,3,3,1,4,6,1,3
CabernetSauvignon,2006,4,3,3,4,2,4,1,4,1,1,1
CabernetSauvignon,2006,4,2,4,4,2,4,1,4,6,1,6
CabernetSauvignon,2006,#,#,#,4,2,4,1,6,6,1,6
CabernetSauvignon,2006,4,2,4,4,2,3,1,4,6,1,3
CabernetSauvignon,2006,4,2,3,5,2,4,1,4,1,1,1
CabernetSauvignon,2006,5,2,4,5,2,4,1,4,6,1,6
CabernetSauvignon,2006,#,#,#,4,3,3,1,6,6,1,6
CabernetSauvignon,2006,4,3,3,4,2,3,1,4,6,1,3
CabernetSauvignon,2006,4,2,3,5,2,4,1,4,1,1,1
CabernetSauvignon,2007,#,#,#,3,2,3,1,6,6,1,6
CabernetSauvignon,2007,3,2,3,4,2,4,1,4,6,1,4
CabernetSauvignon,2007,4,2,4,4,2,4,1,4,6,1,1
CabernetSauvignon,2007,4,2,4,4,1,4,1,3,6,1,3
CabernetSauvignon,2007,#,#,#,3,2,4,1,6,6,1,6
CabernetSauvignon,2007,3,2,4,4,2,4,1,4,6,1,4
CabernetSauvignon,2007,4,2,4,4,1,4,1,4,6,1,1
CabernetSauvignon,2007,4,1,4,4,1,4,1,3,6,1,3
CabernetSauvignon,2007,#,#,#,3,2,4,1,6,6,1,6
CabernetSauvignon,2007,3,2,4,4,1,4,1,4,6,1,4
CabernetSauvignon,2007,4,1,4,4,1,4,1,4,6,1,1
CabernetSauvignon,2007,4,1,4,5,1,4,1,3,6,1,3
CabernetSauvignon,2008,#,#,#,3,3,3,1,6,6,1,6
CabernetSauvignon,2008,3,3,3,3,2,3,1,1,1,1,1
CabernetSauvignon,2008,3,2,3,4,1,3,1,2,6,1,6
CabernetSauvignon,2008,4,1,3,3,2,3,1,2,6,1,2
CabernetSauvignon,2008,3,2,3,4,2,3,1,2,6,1,2
CabernetSauvignon,2008,#,#,#,3,2,3,1,6,6,1,6
CabernetSauvignon,2008,3,2,3,3,2,3,1,1,1,1,1
CabernetSauvignon,2008,3,2,3,4,1,4,1,2,6,1,6
CabernetSauvignon,2008,4,1,4,4,1,4,1,2,6,1,2
CabernetSauvignon,2008,4,1,4,3,1,4,1,2,6,1,2
CabernetSauvignon,2008,#,#,#,4,2,3,1,6,6,1,6
CabernetSauvignon,2008,4,2,3,4,2,4,1,1,1,1,1
CabernetSauvignon,2008,4,2,4,4,2,4,1,2,6,1,6
CabernetSauvignon,2008,4,2,4,5,2,4,1,2,6,1,2
CabernetSauvignon,2008,5,2,4,4,2,4,1,2,6,1,2
CabernetSauvignon,2010,#,#,#,3,3,3,1,6,6,1,6
CabernetSauvignon,2010,3,3,3,3,2,3,1,4,6,1,2
CabernetSauvignon,2010,3,2,3,4,2,4,1,3,6,1,2
CabernetSauvignon,2010,4,2,4,4,2,4,1,3,6,1,6
CabernetSauvignon,2010,4,2,4,4,1,4,1,2,6,1,6
CabernetSauvignon,2010,4,1,4,4,1,4,1,2,6,1,6
CabernetSauvignon,2010,#,#,#,3,2,3,1,6,6,1,6
CabernetSauvignon,2010,3,2,3,4,2,4,1,4,6,1,2
CabernetSauvignon,2010,4,2,4,4,1,4,1,3,6,1,2
CabernetSauvignon,2010,4,1,4,4,1,4,1,3,6,1,6
CabernetSauvignon,2010,4,1,4,4,1,4,1,2,6,1,6
CabernetSauvignon,2010,4,1,4,5,1,4,1,2,6,1,6
CabernetSauvignon,2010,#,#,#,4,2,3,1,6,6,1,6
CabernetSauvignon,2010,4,2,3,4,2,4,1,4,6,1,2
CabernetSauvignon,2010,4,2,4,4,2,4,1,3,6,1,2
CabernetSauvignon,2010,4,2,4,5,1,4,1,3,6,1,6
CabernetSauvignon,2010,5,1,4,5,1,4,1,2,6,1,6
CabernetSauvignon,2010,5,1,4,5,1,4,1,2,6,1,6
CabernetSauvignon,2011,#,#,#,4,2,3,1,6,6,1,6
CabernetSauvignon,2011,4,2,3,4,2,4,1,1,3,1,2
CabernetSauvignon,2011,4,2,4,4,2,4,1,1,1,1,1
CabernetSauvignon,2011,4,2,4,4,1,4,1,2,5,1,2
CabernetSauvignon,2011,#,#,#,4,2,3,1,6,6,1,6
CabernetSauvignon,2011,4,2,3,4,2,4,1,1,3,1,2
CabernetSauvignon,2011,4,2,4,4,1,4,1,1,1,1,1
CabernetSauvignon,2011,4,1,4,4,1,4,1,2,5,1,2
CabernetSauvignon,2011,#,#,#,5,2,4,1,6,6,1,6
CabernetSauvignon,2011,5,2,4,4,1,4,1,1,3,1,2
CabernetSauvignon,2011,4,1,4,5,1,4,1,1,1,1,1
CabernetSauvignon,2013,#,#,#,2,5,3,1,1,1,1,1
CabernetSauvignon,2013,2,5,3,3,4,3,1,1,1,1,1
CabernetSauvignon,2013,3,4,3,3,2,3,1,1,1,1,1
CabernetSauvignon,2013,3,2,3,3,2,3,1,1,1,1,1
CabernetSauvignon,2013,3,2,3,4,2,4,1,1,1,1,1
CabernetSauvignon,2013,4,2,4,4,2,4,1,1,1,1,1
CabernetSauvignon,2013,#,#,#,2,4,3,1,1,1,1,1
CabernetSauvignon,2013,2,4,3,3,3,3,1,1,1,1,1
CabernetSauvignon,2013,3,3,3,4,2,3,1,1,1,1,1
CabernetSauvignon,2013,4,2,3,4,2,4,1,1,1,1,1
CabernetSauvignon,2013,4,2,4,4,1,4,1,1,1,1,1
CabernetSauvignon,2013,#,#,#,3,3,3,1,1,1,1,1
CabernetSauvignon,2013,3,3,3,3,2,3,1,1,1,1,1
CabernetSauvignon,2013,3,2,3,4,2,3,1,1,1,1,1
CabernetSauvignon,2013,4,2,3,4,1,4,1,1,1,1,1
CabernetSauvignon,2013,4,1,4,4,1,4,1,1,1,1,1
CabernetSauvignon,2013,4,1,4,4,1,4,1,1,1,1,1
CabernetSauvignon,2014,#,#,#,3,4,3,1,6,6,1,6
CabernetSauvignon,2014,3,4,3,3,3,3,1,4,1,1,1
CabernetSauvignon,2014,3,3,3,3,2,3,1,2,5,1,1
CabernetSauvignon,2014,3,2,3,4,2,3,1,2,1,1,1
CabernetSauvignon,2014,4,2,3,4,2,4,1,4,6,1,2
CabernetSauvignon,2014,#,#,#,3,3,3,1,6,6,1,6
CabernetSauvignon,2014,3,3,3,3,2,3,1,4,1,1,1
CabernetSauvignon,2014,3,2,3,3,2,3,1,2,5,1,1
CabernetSauvignon,2014,3,2,3,4,2,4,1,2,1,1,1
CabernetSauvignon,2014,4,2,4,4,2,4,1,4,6,1,2
CabernetSauvignon,2014,#,#,#,3,3,3,1,6,6,1,6
CabernetSauvignon,2014,3,3,3,4,2,3,1,4,1,1,1
CabernetSauvignon,2014,4,2,3,4,2,4,1,2,5,1,1
CabernetSauvignon,2014,4,2,4,4,2,4,1,2,1,1,1
CabernetSauvignon,2014,4,2,4,4,1,4,1,4,6,1,2
Merlot,2003,#,#,#,4,1,4,6,6,6,1,6
Merlot,2003,4,1,4,4,1,4,1,4,2,1,1
Merlot,2003,4,1,4,4,1,4,1,3,6,1,3
Merlot,2003,#,#,#,4,1,4,6,6,6,1,6
Merlot,2003,4,1,4,4,1,4,1,4,2,1,1
Merlot,2003,4,1,4,5,1,4,1,3,6,1,3
Merlot,2003,#,#,#,4,1,4,6,6,6,1,6
Merlot,2003,4,1,4,4,1,4,1,4,2,1,1
Merlot,2003,4,1,4,4,1,4,1,3,6,1,3
Merlot,2003,#,#,#,4,1,4,6,6,6,1,6
Merlot,2003,4,1,4,4,1,4,1,4,2,1,1
Merlot,2003,4,1,4,4,1,5,1,3,6,1,3
Merlot,2003,#,#,#,4,1,4,6,6,6,1,6
Merlot,2003,4,1,4,4,1,4,1,4,2,1,1
Merlot,2003,4,1,4,4,1,5,1,3,6,1,3
Merlot,2003,#,#,#,4,1,4,6,6,6,1,6
Merlot,2003,4,1,4,4,1,4,1,4,2,1,1
Merlot,2003,4,1,4,4,1,4,1,3,6,1,3
Merlot,2004,#,#,#,3,2,4,1,6,6,1,6
Merlot,2004,3,2,4,3,2,3,1,5,1,1,1
Merlot,2004,3,2,3,4,2,4,1,5,6,1,2
Merlot,2004,#,#,#,3,1,4,1,6,6,1,6
Merlot,2004,3,1,4,5,1,4,1,5,1,1,1
Merlot,2004,5,1,4,4,1,4,1,5,6,1,2
Merlot,2004,#,#,#,3,2,3,1,6,6,1,6
Merlot,2004,3,2,3,3,2,3,1,5,1,1,1
Merlot,2004,3,2,3,4,2,3,1,5,6,1,2
Merlot,2004,#,#,#,3,2,4,1,6,6,1,6
Merlot,2004,3,2,4,3,2,3,1,5,1,1,1
Merlot,2004,3,2,3,3,2,4,1,5,6,1,2
Merlot,2004,#,#,#,3,2,4,1,6,6,1,6
Merlot,2004,3,2,4,4,1,4,1,5,1,1,1
Merlot,2004,4,1,4,3,2,4,1,5,6,1,2
Merlot,2004,#,#,#,3,2,4,1,6,6,1,6
Merlot,2004,3,2,4,3,2,4,1,5,1,1,1
Merlot,2004,3,2,4,4,2,4,1,5,6,1,2
Merlot,2005,#,#,#,3,3,3,1,6,6,1,6
Merlot,2005,3,3,3,3,2,4,1,3,6,1,3
Merlot,2005,3,2,4,4,2,4,1,4,6,1,3
Merlot,2005,4,2,4,4,1,4,1,4,6,1,1
Merlot,2005,4,1,4,4,1,4,1,3,6,1,6
Merlot,2005,4,1,4,4,1,4,1,4,6,1,5
Merlot,2005,4,1,4,4,1,4,1,2,1,1,1
Merlot,2005,#,#,#,3,2,4,1,6,6,1,6
Merlot,2005,3,2,4,4,1,4,1,3,6,1,3
Merlot,2005,4,1,4,4,1,4,1,4,6,1,3
Merlot,2005,4,1,4,4,1,4,1,4,6,1,1
Merlot,2005,4,1,4,4,1,4,1,3,6,1,6
Merlot,2005,#,#,#,2,3,3,1,6,6,1,6
Merlot,2005,2,3,3,3,2,3,1,3,6,1,3
Merlot,2005,3,2,3,3,2,3,1,4,6,1,3
Merlot,2005,3,2,3,4,1,4,1,4,6,1,1
Merlot,2005,4,1,4,4,1,4,1,3,6,1,6
Merlot,2005,4,1,4,4,1,4,1,4,6,1,5
Merlot,2005,#,#,#,2,3,3,1,6,6,1,6
Merlot,2005,2,3,3,2,3,3,1,3,6,1,3
Merlot,2005,2,3,3,3,2,3,1,4,6,1,3
Merlot,2005,3,2,3,5,1,4,1,4,6,1,1
Merlot,2005,5,1,4,3,2,4,1,3,6,1,6
Merlot,2005,3,2,4,3,2,4,1,4,6,1,5
Merlot,2005,3,2,4,4,1,4,1,2,1,1,1
Merlot,2005,#,#,#,3,2,4,1,6,6,1,6
Merlot,2005,3,2,4,4,2,4,1,3,6,1,3
Merlot,2005,4,2,4,4,1,4,1,4,6,1,3
Merlot,2005,4,1,4,5,1,4,1,4,6,1,1
Merlot,2005,5,1,4,4,1,4,1,3,6,1,6
Merlot,2005,#,#,#,4,2,4,1,6,6,1,6
Merlot,2005,4,2,4,4,1,4,1,3,6,1,3
Merlot,2005,4,1,4,4,1,4,1,4,6,1,3
Merlot,2005,4,1,4,4,1,4,1,4,6,1,1
Merlot,2006,#,#,#,3,3,3,1,6,6,1,6
Merlot,2006,3,3,3,4,2,3,1,6,6,1,6
Merlot,2006,4,2,3,4,2,4,1,4,6,1,3
Merlot,2006,4,2,4,5,2,3,1,4,1,1,1
Merlot,2006,5,2,3,5,1,4,1,4,6,1,6
Merlot,2006,#,#,#,2,3,3,1,6,6,1,6
Merlot,2006,2,3,3,4,1,4,1,6,6,1,6
Merlot,2006,4,1,4,4,1,4,1,4,6,1,3
Merlot,2006,#,#,#,2,4,3,1,6,6,1,6
Merlot,2006,2,4,3,3,2,3,1,6,6,1,6
Merlot,2006,3,2,3,4,2,3,1,4,6,1,3
Merlot,2006,4,2,3,5,2,3,1,4,1,1,1
Merlot,2006,5,2,3,5,1,4,1,4,6,1,6
Merlot,2006,#,#,#,2,4,3,1,6,6,1,6
Merlot,2006,2,4,3,3,2,3,1,6,6,1,6
Merlot,2006,3,2,3,3,2,3,1,4,6,1,3
Merlot,2006,3,2,3,4,2,4,1,4,1,1,1
Merlot,2006,#,#,#,3,3,3,1,6,6,1,6
Merlot,2006,3,3,3,3,2,4,1,6,6,1,6
Merlot,2006,3,2,4,4,2,4,1,4,6,1,3
Merlot,2006,4,2,4,5,2,4,1,4,1,1,1
Merlot,2006,5,2,4,4,2,4,1,4,6,1,6
Merlot,2006,#,#,#,3,3,3,1,6,6,1,6
Merlot,2006,3,3,3,4,2,4,1,6,6,1,6
Merlot,2006,4,2,4,5,1,4,1,4,6,1,3
Merlot,2006,5,1,4,5,1,4,1,4,1,1,1
Merlot,2007,#,#,#,4,2,4,1,6,6,1,6
Merlot,2007,4,2,4,4,1,4,1,4,6,1,4
Merlot,2007,4,1,4,4,1,4,1,4,6,1,1
Merlot,2007,4,1,4,4,1,4,1,3,6,1,3
Merlot,2007,#,#,#,4,1,4,1,6,6,1,6
Merlot,2007,4,1,4,4,1,4,1,4,6,1,4
Merlot,2007,4,1,4,5,1,4,1,4,6,1,1
Merlot,2007,#,#,#,4,1,4,1,6,6,1,6
Merlot,2007,4,1,4,4,1,4,1,4,6,1,4
Merlot,2007,4,1,4,5,2,4,1,4,6,1,1
Merlot,2007,5,2,4,5,1,4,1,3,6,1,3
Merlot,2007,#,#,#,3,2,4,1,6,6,1,6
Merlot,2007,3,2,4,4,1,4,1,4,6,1,4
Merlot,2007,4,1,4,4,1,4,1,4,6,1,1
Merlot,2007,4,1,4,4,1,4,1,3,6,1,3
Merlot,2007,#,#,#,4,1,4,1,6,6,1,6
Merlot,2007,4,1,4,4,1,4,1,4,6,1,4
Merlot,2007,4,1,4,4,1,4,1,4,6,1,1
Merlot,2007,#,#,#,3,1,4,1,6,6,1,6
Merlot,2007,3,1,4,3,2,4,1,4,6,1,4
Merlot,2007,3,2,4,4,1,4,1,4,6,1,1
Merlot,2007,4,1,4,4,1,4,1,3,6,1,3
Merlot,2008,#,#,#,4,2,3,1,6,6,1,6
Merlot,2008,4,2,3,4,1,4,1,1,1,1,1
Merlot,2008,4,1,4,4,1,4,1,2,6,1,6
Merlot,2008,4,1,4,4,1,4,1,2,6,1,2
Merlot,2008,4,1,4,4,1,4,1,2,6,1,2
Merlot,2008,#,#,#,4,2,4,1,6,6,1,6
Merlot,2008,4,2,4,5,1,4,1,1,1,1,1
Merlot,2008,5,1,4,4,1,4,1,2,6,1,6
Merlot,2008,4,1,4,4,1,4,1,2,6,1,2
Merlot,2008,4,1,4,4,1,4,1,2,6,1,2
Merlot,2008,#,#,#,4,2,3,1,6,6,1,6
Merlot,2008,4,2,3,4,2,3,1,1,1,1,1
Merlot,2008,4,2,3,5,1,4,1,2,6,1,6
Merlot,2008,5,1,4,5,1,4,1,2,6,1,2
Merlot,2008,5,1,4,5,1,4,1,2,6,1,2
Merlot,2008,#,#,#,3,2,3,1,6,6,1,6
Merlot,2008,3,2,3,3,2,3,1,1,1,1,1
Merlot,2008,3,2,3,3,2,4,1,2,6,1,6
Merlot,2008,3,2,4,3,2,3,1,2,6,1,2
Merlot,2008,3,2,3,4,2,3,1,2,6,1,2
Merlot,2008,#,#,#,4,1,4,1,6,6,1,6
Merlot,2008,4,1,4,4,1,4,1,1,1,1,1
Merlot,2008,4,1,4,5,1,4,1,2,6,1,6
Merlot,2008,5,1,4,5,1,4,1,2,6,1,2
Merlot,2008,#,#,#,4,2,4,1,6,6,1,6
Merlot,2008,4,2,4,4,1,4,1,1,1,1,1
Merlot,2008,4,1,4,5,1,4,1,2,6,1,6
Merlot,2008,5,1,4,5,1,4,1,2,6,1,2
Merlot,2010,#,#,#,3,2,3,1,6,6,1,6
Merlot,2010,3,2,3,4,2,4,1,4,6,1,2
Merlot,2010,4,2,4,4,1,4,1,3,6,1,2
Merlot,2010,4,1,4,4,1,4,1,3,6,1,6
Merlot,2010,#,#,#,4,2,4,1,6,6,1,6
Merlot,2010,4,2,4,4,1,4,1,4,6,1,2
Merlot,2010,4,1,4,4,1,4,1,3,6,1,2
Merlot,2010,4,1,4,5,1,4,1,3,6,1,6
Merlot,2010,#,#,#,4,2,3,1,6,6,1,6
Merlot,2010,4,2,3,4,2,3,1,4,6,1,2
Merlot,2010,4,2,3,5,1,4,1,3,6,1,2
Merlot,2010,5,1,4,5,1,4,1,3,6,1,6
Merlot,2010,#,#,#,4,2,4,1,6,6,1,6
Merlot,2010,4,2,4,4,1,4,1,4,6,1,2
Merlot,2010,4,1,4,5,1,4,1,3,6,1,2
Merlot,2010,5,1,4,5,1,4,1,3,6,1,6
Merlot,2010,#,#,#,4,2,4,1,6,6,1,6
Merlot,2010,4,2,4,4,1,4,1,4,6,1,2
Merlot,2010,4,1,4,4,1,4,1,3,6,1,2
Merlot,2011,#,#,#,4,1,4,1,6,6,1,6
Merlot,2011,4,1,4,5,2,4,1,1,3,1,2
Merlot,2011,5,2,4,5,1,4,1,1,1,1,1
Merlot,2011,#,#,#,4,1,3,1,6,6,1,6
Merlot,2011,4,1,3,4,1,4,1,1,3,1,2
Merlot,2011,#,#,#,5,1,4,1,6,6,1,6
Merlot,2011,5,1,4,5,1,4,1,1,3,1,2
Merlot,2011,5,1,4,5,1,4,1,1,1,1,1
Merlot,2011,#,#,#,5,1,4,1,6,6,1,6
Merlot,2011,5,1,4,5,1,4,1,1,3,1,2
Merlot,2011,5,1,4,5,1,4,1,1,1,1,1
Merlot,2013,#,#,#,2,3,3,1,1,1,1,1
Merlot,2013,2,3,3,3,2,3,1,1,1,1,1
Merlot,2013,3,2,3,4,2,4,1,1,1,1,1
Merlot,2013,4,2,4,4,2,4,1,1,1,1,1
Merlot,2013,4,2,4,4,2,4,1,1,1,1,1
Merlot,2013,#,#,#,3,2,3,1,1,1,1,1
Merlot,2013,3,2,3,4,2,3,1,1,1,1,1
Merlot,2013,4,2,3,4,1,4,1,1,1,1,1
Merlot,2013,4,1,4,4,1,4,1,1,1,1,1
Merlot,2013,4,1,4,5,1,4,1,1,1,1,1
Merlot,2013,#,#,#,3,3,3,1,1,1,1,1
Merlot,2013,3,3,3,3,2,3,1,1,1,1,1
Merlot,2013,3,2,3,4,2,4,1,1,1,1,1
Merlot,2013,4,2,4,4,1,4,1,1,1,1,1
Merlot,2013,4,1,4,4,1,4,1,1,1,1,1
Merlot,2013,4,1,4,4,1,4,1,1,1,1,1
Merlot,2013,#,#,#,3,2,3,1,1,1,1,1
Merlot,2013,3,2,3,3,2,3,1,1,1,1,1
Merlot,2013,3,2,3,4,1,4,1,1,1,1,1
Merlot,2013,4,1,4,4,1,4,1,1,1,1,1
Merlot,2013,4,1,4,4,1,4,1,1,1,1,1
Merlot,2013,4,1,4,5,1,4,1,1,1,1,1
Merlot,2013,#,#,#,3,3,3,1,1,1,1,1
Merlot,2013,3,3,3,3,2,3,1,1,1,1,1
Merlot,2013,3,2,3,4,2,4,1,1,1,1,1
Merlot,2013,4,2,4,4,2,4,1,1,1,1,1
Merlot,2014,#,#,#,3,2,3,1,6,6,1,6
Merlot,2014,3,2,3,3,2,3,1,4,1,1,1
Merlot,2014,3,2,3,4,2,3,1,2,5,1,1
Merlot,2014,4,2,3,4,1,4,1,2,1,1,1
Merlot,2014,4,1,4,4,1,4,1,4,6,1,2
Merlot,2014,#,#,#,3,2,3,1,6,6,1,6
Merlot,2014,3,2,3,4,1,4,1,4,1,1,1
Merlot,2014,4,1,4,4,1,4,1,2,5,1,1
Merlot,2014,4,1,4,4,1,4,1,2,1,1,1
Merlot,2014,4,1,4,4,1,4,1,4,6,1,2
Merlot,2014,#,#,#,3,2,3,1,6,6,1,6
Merlot,2014,3,2,3,3,2,3,1,4,1,1,1
Merlot,2014,3,2,3,4,2,3,1,2,5,1,1
Merlot,2014,4,2,3,4,1,4,1,2,1,1,1
Merlot,2014,4,1,4,4,1,4,1,4,6,1,2
Merlot,2014,#,#,#,3,2,3,1,6,6,1,6
Merlot,2014,3,2,3,3,2,4,1,4,1,1,1
Merlot,2014,3,2,4,4,2,4,1,2,5,1,1
Merlot,2014,4,2,4,1,2,4,1,2,1,1,1
Merlot,2014,1,2,4,4,2,4,1,4,6,1,2
Merlot,2014,#,#,#,3,2,3,1,6,6,1,6
Merlot,2014,3,2,3,4,2,3,1,4,1,1,1
Merlot,2014,4,2,3,4,2,3,1,2,5,1,1
Merlot,2014,4,2,3,4,1,4,1,2,1,1,1
Sangiovese,2003,#,#,#,4,1,4,6,6,6,1,6
Sangiovese,2003,4,1,4,4,1,4,1,4,2,1,1
Sangiovese,2003,4,1,4,4,1,4,1,3,6,1,3
Sangiovese,2003,4,1,4,4,1,4,1,3,2,1,1
Sangiovese,2003,#,#,#,4,2,4,6,6,6,1,6
Sangiovese,2003,4,2,4,4,1,4,1,4,2,1,1
Sangiovese,2003,4,1,4,4,1,4,1,3,6,1,3
Sangiovese,2003,#,#,#,4,1,4,6,6,6,1,6
Sangiovese,2003,4,1,4,4,1,4,1,4,2,1,1
Sangiovese,2003,#,#,#,4,2,4,6,6,6,1,6
Sangiovese,2003,4,2,4,4,1,4,1,4,2,1,1
Sangiovese,2003,4,1,4,4,1,4,1,3,6,1,3
Sangiovese,2003,4,1,4,5,1,4,1,3,2,1,1
Sangiovese,2003,#,#,#,3,1,4,6,6,6,1,6
Sangiovese,2003,3,1,4,3,1,4,1,4,2,1,1
Sangiovese,2003,3,1,4,4,1,4,1,3,6,1,3
Sangiovese,2003,4,1,4,4,1,4,1,3,2,1,1
Sangiovese,2003,#,#,#,3,2,4,6,6,6,1,6
Sangiovese,2003,3,2,4,3,1,4,1,4,2,1,1
Sangiovese,2003,3,1,4,4,1,4,1,3,6,1,3
Sangiovese,2003,#,#,#,3,2,4,6,6,6,1,6
Sangiovese,2003,3,2,4,3,1,4,1,4,2,1,1
Sangiovese,2003,3,1,4,3,1,4,1,3,6,1,3
Sangiovese,2003,3,1,4,4,1,4,1,3,2,1,1
Sangiovese,2003,#,#,#,4,1,4,6,6,6,1,6
Sangiovese,2003,4,1,4,4,1,4,1,4,2,1,1
Sangiovese,2003,4,1,4,4,1,4,1,3,6,1,3
Sangiovese,2003,4,1,4,5,1,4,1,3,2,1,1
Sangiovese,2004,#,#,#,1,4,3,1,6,6,1,6
Sangiovese,2004,1,4,3,2,4,3,1,4,1,1,1
Sangiovese,2004,2,4,3,3,3,3,1,5,1,1,1
Sangiovese,2004,3,3,3,2,3,3,1,5,6,1,2
Sangiovese,2004,2,3,3,3,2,4,1,3,6,1,6
Sangiovese,2004,3,2,4,3,2,3,1,4,6,1,3
Sangiovese,2004,#,#,#,2,3,3,1,6,6,1,6
Sangiovese,2004,2,3,3,3,1,4,1,4,1,1,1
Sangiovese,2004,3,1,4,4,2,4,1,5,1,1,1
Sangiovese,2004,4,2,4,4,1,4,1,5,6,1,2
Sangiovese,2004,4,1,4,4,1,4,1,3,6,1,6
Sangiovese,2004,4,1,4,5,1,4,1,4,6,1,3
Sangiovese,2004,#,#,#,2,3,3,1,6,6,1,6
Sangiovese,2004,2,3,3,2,3,3,1,4,1,1,1
Sangiovese,2004,2,3,3,3,2,3,1,5,1,1,1
Sangiovese,2004,3,2,3,3,2,4,1,5,6,1,2
Sangiovese,2004,3,2,4,4,2,3,1,3,6,1,6
Sangiovese,2004,4,2,3,4,2,4,1,4,6,1,3
Sangiovese,2004,#,#,#,2,3,3,1,6,6,1,6
Sangiovese,2004,2,3,3,2,3,3,1,4,1,1,1
Sangiovese,2004,2,3,3,3,2,3,1,5,1,1,1
Sangiovese,2004,3,2,3,4,2,3,1,5,6,1,2
Sangiovese,2004,4,2,3,4,2,3,1,3,6,1,6
Sangiovese,2004,4,2,3,4,2,4,1,4,6,1,3
Sangiovese,2004,#,#,#,2,3,3,1,6,6,1,6
Sangiovese,2004,2,3,3,2,2,3,1,4,1,1,1
Sangiovese,2004,2,2,3,3,2,4,1,5,1,1,1
Sangiovese,2004,3,2,4,3,2,4,1,5,6,1,2
Sangiovese,2004,3,2,4,3,1,4,1,3,6,1,6
Sangiovese,2004,3,1,4,3,1,4,1,4,6,1,3
Sangiovese,2004,#,#,#,2,3,3,1,6,6,1,6
Sangiovese,2004,2,3,3,2,2,3,1,4,1,1,1
Sangiovese,2004,2,2,3,3,2,3,1,5,1,1,1
Sangiovese,2004,3,2,3,3,2,3,1,5,6,1,2
Sangiovese,2004,3,2,3,3,2,4,1,3,6,1,6
Sangiovese,2004,3,2,4,4,2,4,1,4,6,1,3
Sangiovese,2004,#,#,#,1,4,3,1,6,6,1,6
Sangiovese,2004,1,4,3,2,3,3,1,4,1,1,1
Sangiovese,2004,2,3,3,3,3,3,1,5,1,1,1
Sangiovese,2004,3,3,3,3,2,3,1,5,6,1,2
Sangiovese,2004,3,2,3,3,2,3,1,3,6,1,6
Sangiovese,2004,3,2,3,3,2,3,1,4,6,1,3
Sangiovese,2004,#,#,#,2,3,3,1,6,6,1,6
Sangiovese,2004,2,3,3,3,2,3,1,4,1,1,1
Sangiovese,2004,3,2,3,3,2,3,1,5,1,1,1
Sangiovese,2004,3,2,3,3,2,4,1,5,6,1,2
Sangiovese,2004,3,2,4,3,1,4,1,3,6,1,6
Sangiovese,2004,3,1,4,4,1,4,1,4,6,1,3
Sangiovese,2005,#,#,#,3,3,3,1,6,6,1,6
Sangiovese,2005,3,3,3,3,2,3,1,4,6,1,3
Sangiovese,2005,3,2,3,3,2,4,1,4,6,1,1
Sangiovese,2005,3,2,4,3,2,4,1,3,6,1,6
Sangiovese,2005,3,2,4,3,2,4,1,4,6,1,5
Sangiovese,2005,3,2,4,4,1,4,1,2,1,1,1
Sangiovese,2005,#,#,#,3,2,1,1,6,6,1,6
Sangiovese,2005,3,2,1,3,2,3,1,4,6,1,3
Sangiovese,2005,3,2,3,3,2,4,1,4,6,1,1
Sangiovese,2005,3,2,4,3,1,4,1,3,6,1,6
Sangiovese,2005,3,1,4,4,1,4,1,4,6,1,5
Sangiovese,2005,4,1,4,3,1,4,1,2,1,1,1
Sangiovese,2005,#,#,#,3,2,3,1,6,6,1,6
Sangiovese,2005,3,2,3,3,2,3,1,4,6,1,3
Sangiovese,2005,3,2,3,4,2,4,1,4,6,1,1
Sangiovese,2005,4,2,4,4,2,4,1,3,6,1,6
Sangiovese,2005,4,2,4,4,2,4,1,4,6,1,5
Sangiovese,2005,4,2,4,4,2,4,1,2,1,1,1
Sangiovese,2005,#,#,#,2,4,3,1,6,6,1,6
Sangiovese,2005,2,4,3,3,3,3,1,4,6,1,3
Sangiovese,2005,3,3,3,3,2,3,1,4,6,1,1
Sangiovese,2005,3,2,3,3,2,3,1,3,6,1,6
Sangiovese,2005,3,2,3,4,2,4,1,4,6,1,5
Sangiovese,2005,4,2,4,4,2,4,1,2,1,1,1
Sangiovese,2005,#,#,#,3,3,3,1,6,6,1,6
Sangiovese,2005,3,3,3,3,2,3,1,4,6,1,3
Sangiovese,2005,3,2,3,3,2,3,1,4,6,1,1
Sangiovese,2005,3,2,3,3,2,3,1,3,6,1,6
Sangiovese,2005,3,2,3,4,2,3,1,4,6,1,5
Sangiovese,2005,4,2,3,4,2,3,1,2,1,1,1
Sangiovese,2005,#,#,#,3,2,3,1,6,6,1,6
Sangiovese,2005,3,2,3,3,2,3,1,4,6,1,3
Sangiovese,2005,3,2,3,4,2,4,1,4,6,1,1
Sangiovese,2005,4,2,4,4,2,4,1,3,6,1,6
Sangiovese,2005,4,2,4,4,2,4,1,4,6,1,5
Sangiovese,2005,4,2,4,4,2,3,1,2,1,1,1
Sangiovese,2005,#,#,#,2,4,3,1,6,6,1,6
Sangiovese,2005,2,4,3,3,3,3,1,4,6,1,3
Sangiovese,2005,3,3,3,4,2,3,1,4,6,1,1
Sangiovese,2005,4,2,3,3,2,4,1,3,6,1,6
Sangiovese,2005,3,2,4,4,2,4,1,4,6,1,5
Sangiovese,2005,4,2,4,4,2,4,1,2,1,1,1
Sangiovese,2005,#,#,#,2,2,3,1,6,6,1,6
Sangiovese,2005,2,2,3,3,2,3,1,4,6,1,3
Sangiovese,2005,3,2,3,3,2,3,1,4,6,1,1
Sangiovese,2005,3,2,3,3,2,4,1,3,6,1,6
Sangiovese,2005,3,2,4,3,1,4,1,4,6,1,5
Sangiovese,2005,3,1,4,3,1,4,1,2,1,1,1
Sangiovese,2006,#,#,#,3,3,3,1,6,6,1,6
Sangiovese,2006,3,3,3,3,2,3,1,4,6,1,3
Sangiovese,2006,3,2,3,4,2,3,1,4,1,1,1
Sangiovese,2006,4,2,3,4,2,4,1,4,6,1,6
Sangiovese,2006,#,#,#,3,2,3,1,6,6,1,6
Sangiovese,2006,3,2,3,4,2,3,1,4,6,1,3
Sangiovese,2006,4,2,3,4,2,4,1,4,1,1,1
Sangiovese,2006,#,#,#,3,3,3,1,6,6,1,6
Sangiovese,2006,3,3,3,3,3,3,1,4,6,1,3
Sangiovese,2006,3,3,3,4,2,3,1,4,1,1,1
Sangiovese,2006,4,2,3,4,2,4,1,4,6,1,6
Sangiovese,2006,#,#,#,3,3,3,1,6,6,1,6
Sangiovese,2006,3,3,3,3,2,3,1,4,6,1,3
Sangiovese,2006,3,2,3,4,2,3,1,4,1,1,1
Sangiovese,2006,4,2,3,4,2,3,1,4,6,1,6
Sangiovese,2006,#,#,#,3,3,3,1,6,6,1,6
Sangiovese,2006,3,3,3,4,2,3,1,4,6,1,3
Sangiovese,2006,4,2,3,4,2,3,1,4,1,1,1
Sangiovese,2006,4,2,3,4,2,4,1,4,6,1,6
Sangiovese,2006,#,#,#,3,3,3,1,6,6,1,6
Sangiovese,2006,3,3,3,3,2,3,1,4,6,1,3
Sangiovese,2006,3,2,3,5,2,4,1,4,1,1,1
Sangiovese,2006,5,2,4,4,2,4,1,4,6,1,6
Sangiovese,2006,#,#,#,3,3,3,1,6,6,1,6
Sangiovese,2006,3,3,3,4,2,3,1,4,6,1,3
Sangiovese,2006,4,2,3,5,2,4,1,4,1,1,1
Sangiovese,2006,5,2,4,4,2,4,1,4,6,1,6
Sangiovese,2006,#,#,#,2,3,3,1,6,6,1,6
Sangiovese,2006,2,3,3,3,2,3,1,4,6,1,3
Sangiovese,2006,3,2,3,4,2,3,1,4,1,1,1
Sangiovese,2006,4,2,3,4,1,4,1,4,6,1,6
Sangiovese,2007,#,#,#,3,2,3,1,6,6,1,6
Sangiovese,2007,3,2,3,4,2,4,1,4,6,1,4
Sangiovese,2007,4,2,4,4,2,4,1,4,6,1,1
Sangiovese,2007,4,2,4,4,1,4,1,3,6,1,3
Sangiovese,2007,#,#,#,3,2,4,1,6,6,1,6
Sangiovese,2007,3,2,4,4,2,4,1,4,6,1,4
Sangiovese,2007,4,2,4,4,2,4,1,4,6,1,1
Sangiovese,2007,4,2,4,4,1,4,1,3,6,1,3
Sangiovese,2007,#,#,#,3,2,4,1,6,6,1,6
Sangiovese,2007,3,2,4,3,2,4,1,4,6,1,4
Sangiovese,2007,3,2,4,4,2,4,1,4,6,1,1
Sangiovese,2007,4,2,4,4,1,5,1,3,6,1,3
Sangiovese,2007,#,#,#,3,2,3,1,6,6,1,6
Sangiovese,2007,3,2,3,3,2,4,1,4,6,1,4
Sangiovese,2007,3,2,4,4,2,4,1,4,6,1,1
Sangiovese,2007,4,2,4,4,2,4,1,3,6,1,3
Sangiovese,2007,#,#,#,3,2,3,1,6,6,1,6
Sangiovese,2007,3,2,3,4,2,4,1,4,6,1,4
Sangiovese,2007,4,2,4,4,2,4,1,4,6,1,1
Sangiovese,2007,4,2,4,4,2,4,1,3,6,1,3
Sangiovese,2007,#,#,#,3,2,4,1,6,6,1,6
Sangiovese,2007,3,2,4,4,2,4,1,4,6,1,4
Sangiovese,2007,4,2,4,4,1,4,1,4,6,1,1
Sangiovese,2007,4,1,4,4,1,4,1,3,6,1,3
Sangiovese,2007,#,#,#,2,2,3,1,6,6,1,6
Sangiovese,2007,2,2,3,3,2,4,1,4,6,1,4
Sangiovese,2007,3,2,4,3,2,4,1,4,6,1,1
Sangiovese,2007,3,2,4,3,1,4,1,3,6,1,3
Sangiovese,2007,#,#,#,3,2,3,1,6,6,1,6
Sangiovese,2007,3,2,3,3,2,4,1,4,6,1,4
Sangiovese,2007,3,2,4,4,1,4,1,4,6,1,1
Sangiovese,2007,4,1,4,4,1,4,1,3,6,1,3
Sangiovese,2008,#,#,#,3,2,3,1,6,6,1,6
Sangiovese,2008,3,2,3,3,2,3,1,1,1,1,1
Sangiovese,2008,3,2,3,4,2,3,1,2,6,1,6
Sangiovese,2008,4,2,3,4,1,4,1,2,6,1,2
Sangiovese,2008,4,1,4,4,1,3,1,2,6,1,2
Sangiovese,2008,#,#,#,3,2,3,1,6,6,1,6
Sangiovese,2008,3,2,3,3,2,3,1,1,1,1,1
Sangiovese,2008,3,2,3,4,2,3,1,2,6,1,6
Sangiovese,2008,4,2,3,3,2,3,1,2,6,1,2
Sangiovese,2008,3,2,3,3,2,3,1,2,6,1,2
Sangiovese,2008,#,#,#,4,2,3,1,6,6,1,6
Sangiovese,2008,4,2,3,4,2,3,1,1,1,1,1
Sangiovese,2008,4,2,3,5,2,3,1,2,6,1,6
Sangiovese,2008,5,2,3,5,1,3,1,2,6,1,2
Sangiovese,2008,5,1,3,5,1,4,1,2,6,1,2
Sangiovese,2008,#,#,#,3,3,3,1,6,6,1,6
Sangiovese,2008,3,3,3,4,2,3,1,1,1,1,1
Sangiovese,2008,4,2,3,4,2,3,1,2,6,1,6
Sangiovese,2008,4,2,3,4,2,3,1,2,6,1,2
Sangiovese,2008,4,2,3,4,2,3,1,2,6,1,2
Sangiovese,2008,#,#,#,4,2,3,1,6,6,1,6
Sangiovese,2008,4,2,3,4,2,3,1,1,1,1,1
Sangiovese,2008,4,2,3,4,2,3,1,2,6,1,6
Sangiovese,2008,4,2,3,4,2,3,1,2,6,1,2
Sangiovese,2008,4,2,3,5,2,3,1,2,6,1,2
Sangiovese,2008,#,#,#,3,2,3,1,6,6,1,6
Sangiovese,2008,3,2,3,4,2,3,1,1,1,1,1
Sangiovese,2008,4,2,3,4,2,3,1,2,6,1,6
Sangiovese,2008,4,2,3,4,2,4,1,2,6,1,2
Sangiovese,2008,4,2,4,4,2,4,1,2,6,1,2
Sangiovese,2008,#,#,#,3,3,3,1,6,6,1,6
Sangiovese,2008,3,3,3,3,2,3,1,1,1,1,1
Sangiovese,2008,3,2,3,3,2,3,1,2,6,1,6
Sangiovese,2008,3,2,3,3,2,3,1,2,6,1,2
Sangiovese,2008,#,#,#,3,2,3,1,6,6,1,6
Sangiovese,2008,3,2,3,4,2,3,1,1,1,1,1
Sangiovese,2008,4,2,3,4,1,4,1,2,6,1,6
Sangiovese,2008,4,1,4,4,2,3,1,2,6,1,2
Sangiovese,2008,4,2,3,4,2,3,1,2,6,1,2
Sangiovese,2010,#,#,#,3,3,3,1,6,6,1,6
Sangiovese,2010,3,3,3,3,2,3,1,4,6,1,2
Sangiovese,2010,3,2,3,4,2,3,1,3,6,1,2
Sangiovese,2010,4,2,3,4,2,3,1,3,6,1,6
Sangiovese,2010,4,2,3,4,2,3,1,2,6,1,6
Sangiovese,2010,#,#,#,3,2,3,1,6,6,1,6
Sangiovese,2010,3,2,3,4,2,3,1,4,6,1,2
Sangiovese,2010,4,2,3,4,1,3,1,3,6,1,2
Sangiovese,2010,4,1,3,4,1,4,1,3,6,1,6
Sangiovese,2010,4,1,4,4,1,4,1,2,6,1,6
Sangiovese,2010,#,#,#,4,2,3,1,6,6,1,6
Sangiovese,2010,4,2,3,4,2,3,1,4,6,1,2
Sangiovese,2010,4,2,3,4,2,3,1,3,6,1,2
Sangiovese,2010,4,2,3,5,2,4,1,3,6,1,6
Sangiovese,2010,5,2,4,5,2,3,1,2,6,1,6
Sangiovese,2010,5,2,3,5,1,4,1,2,6,1,6
Sangiovese,2010,#,#,#,3,3,3,1,6,6,1,6
Sangiovese,2010,3,3,3,4,3,3,1,4,6,1,2
Sangiovese,2010,4,3,3,4,2,3,1,3,6,1,2
Sangiovese,2010,4,2,3,4,2,3,1,3,6,1,6
Sangiovese,2010,4,2,3,4,2,3,1,2,6,1,6
Sangiovese,2010,4,2,3,5,2,4,1,2,6,1,6
Sangiovese,2010,#,#,#,4,2,3,1,6,6,1,6
Sangiovese,2010,4,2,3,4,2,3,1,3,6,1,6
Sangiovese,2010,4,2,3,5,2,3,1,2,6,1,6
Sangiovese,2010,5,2,3,5,1,4,1,2,6,1,6
Sangiovese,2010,#,#,#,4,2,3,1,6,6,1,6
Sangiovese,2010,4,2,3,4,2,3,1,3,6,1,2
Sangiovese,2010,4,2,3,4,2,3,1,3,6,1,6
Sangiovese,2010,4,2,3,4,2,4,1,2,6,1,6
Sangiovese,2010,#,#,#,3,2,3,1,6,6,1,6
Sangiovese,2010,3,2,3,3,2,3,1,4,6,1,2
Sangiovese,2010,3,2,3,4,2,4,1,3,6,1,2
Sangiovese,2010,4,2,4,4,2,4,1,3,6,1,6
Sangiovese,2010,4,2,4,4,1,4,1,2,6,1,6
Sangiovese,2010,#,#,#,3,2,3,1,6,6,1,6
Sangiovese,2010,3,2,3,4,2,3,1,4,6,1,2
Sangiovese,2010,4,2,3,4,2,3,1,3,6,1,2
Sangiovese,2010,4,2,3,4,1,4,1,3,6,1,6
Sangiovese,2010,4,1,4,4,1,4,1,2,6,1,6
Sangiovese,2010,4,1,4,4,1,4,1,2,6,1,6
Sangiovese,2011,#,#,#,4,2,3,1,6,6,1,6
Sangiovese,2011,4,2,3,4,2,3,1,1,3,1,2
Sangiovese,2011,4,2,3,5,1,4,1,1,1,1,1
Sangiovese,2011,5,1,4,5,1,4,1,2,5,1,2
Sangiovese,2011,#,#,#,4,1,4,1,6,6,1,6
Sangiovese,2011,4,1,4,4,2,3,1,1,3,1,2
Sangiovese,2011,4,2,3,4,1,3,1,1,1,1,1
Sangiovese,2011,4,1,3,4,1,4,1,2,5,1,2
Sangiovese,2011,#,#,#,5,2,4,1,6,6,1,6
Sangiovese,2011,5,2,4,5,1,4,1,1,3,1,2
Sangiovese,2011,5,1,4,5,1,4,1,1,1,1,1
Sangiovese,2011,#,#,#,4,2,3,1,6,6,1,6
Sangiovese,2011,4,2,3,4,1,3,1,1,3,1,2
Sangiovese,2011,4,1,3,4,2,3,1,1,1,1,1
Sangiovese,2011,#,#,#,4,2,3,1,6,6,1,6
Sangiovese,2011,4,2,3,4,2,3,1,1,3,1,2
Sangiovese,2011,4,2,3,4,1,3,1,1,1,1,1
Sangiovese,2011,4,1,3,5,1,3,1,2,5,1,2
Sangiovese,2011,#,#,#,4,2,3,1,6,6,1,6
Sangiovese,2011,4,2,3,4,2,4,1,1,3,1,2
Sangiovese,2011,4,2,4,4,1,3,1,1,1,1,1
Sangiovese,2011,#,#,#,4,1,4,1,6,6,1,6
Sangiovese,2011,4,1,4,4,1,3,1,1,3,1,2
Sangiovese,2011,4,1,3,4,1,3,1,1,1,1,1
Sangiovese,2011,#,#,#,4,2,3,1,6,6,1,6
Sangiovese,2011,4,2,3,4,2,4,1,1,3,1,2
Sangiovese,2011,4,2,4,4,1,4,1,1,1,1,1
Sangiovese,2011,4,1,4,5,1,4,1,2,5,1,2
Sangiovese,2013,#,#,#,2,3,3,1,1,1,1,1
Sangiovese,2013,2,3,3,3,2,3,1,1,1,1,1
Sangiovese,2013,3,2,3,3,2,3,1,1,1,1,1
Sangiovese,2013,3,2,3,4,2,3,1,1,1,1,1
Sangiovese,2013,4,2,3,4,2,4,1,1,1,1,1
Sangiovese,2013,4,2,4,4,2,4,1,1,1,1,1
Sangiovese,2013,#,#,#,2,3,3,1,1,1,1,1
Sangiovese,2013,2,3,3,3,2,3,1,1,1,1,1
Sangiovese,2013,3,2,3,4,2,3,1,1,1,1,1
Sangiovese,2013,4,2,3,4,1,3,1,1,1,1,1
Sangiovese,2013,4,1,3,4,2,3,1,1,1,1,1
Sangiovese,2013,4,2,3,5,1,4,1,1,1,1,1
Sangiovese,2013,#,#,#,3,3,3,1,1,1,1,1
Sangiovese,2013,3,3,3,3,2,3,1,1,1,1,1
Sangiovese,2013,3,2,3,4,2,3,1,1,1,1,1
Sangiovese,2013,4,2,3,4,1,3,1,1,1,1,1
Sangiovese,2013,4,1,3,4,1,4,1,1,1,1,1
Sangiovese,2013,4,1,4,4,1,4,1,1,1,1,1
Sangiovese,2013,#,#,#,2,4,3,1,1,1,1,1
Sangiovese,2013,2,4,3,3,3,3,1,1,1,1,1
Sangiovese,2013,3,3,3,3,2,3,1,1,1,1,1
Sangiovese,2013,3,2,3,3,2,3,1,1,1,1,1
Sangiovese,2013,3,2,3,4,2,3,1,1,1,1,1
Sangiovese,2013,4,2,3,5,2,3,1,1,1,1,1
Sangiovese,2013,#,#,#,3,3,3,1,1,1,1,1
Sangiovese,2013,3,3,3,3,2,3,1,1,1,1,1
Sangiovese,2013,3,2,3,4,2,3,1,1,1,1,1
Sangiovese,2013,4,2,3,4,2,3,1,1,1,1,1
Sangiovese,2013,4,2,3,4,2,4,1,1,1,1,1
Sangiovese,2013,4,2,4,4,2,4,1,1,1,1,1
Sangiovese,2013,#,#,#,2,3,3,1,1,1,1,1
Sangiovese,2013,2,3,3,3,2,3,1,1,1,1,1
Sangiovese,2013,3,2,3,3,2,3,1,1,1,1,1
Sangiovese,2013,3,2,3,3,2,3,1,1,1,1,1
Sangiovese,2013,3,2,3,4,2,4,1,1,1,1,1
Sangiovese,2013,4,2,4,4,2,4,1,1,1,1,1
Sangiovese,2013,#,#,#,2,3,3,1,1,1,1,1
Sangiovese,2013,2,3,3,3,2,3,1,1,1,1,1
Sangiovese,2013,3,2,3,3,2,3,1,1,1,1,1
Sangiovese,2013,3,2,3,3,2,4,1,1,1,1,1
Sangiovese,2013,#,#,#,2,3,3,1,1,1,1,1
Sangiovese,2013,2,3,3,2,3,3,1,1,1,1,1
Sangiovese,2013,2,3,3,3,2,3,1,1,1,1,1
Sangiovese,2013,3,2,3,3,2,4,1,1,1,1,1
Sangiovese,2013,3,2,4,3,2,4,1,1,1,1,1
Sangiovese,2013,3,2,4,4,2,4,1,1,1,1,1
Sangiovese,2014,#,#,#,2,3,3,1,6,6,1,6
Sangiovese,2014,2,3,3,3,2,3,1,4,1,1,1
Sangiovese,2014,3,2,3,3,2,3,1,2,5,1,1
Sangiovese,2014,3,2,3,3,2,3,1,2,1,1,1
Sangiovese,2014,3,2,3,4,2,4,1,4,6,1,2
Sangiovese,2014,#,#,#,3,2,3,1,6,6,1,6
Sangiovese,2014,3,2,3,3,2,3,1,4,1,1,1
Sangiovese,2014,3,2,3,4,2,3,1,2,5,1,1
Sangiovese,2014,4,2,3,4,2,3,1,2,1,1,1
Sangiovese,2014,4,2,3,4,1,4,1,4,6,1,2
Sangiovese,2014,#,#,#,3,3,3,1,6,6,1,6
Sangiovese,2014,3,3,3,3,2,3,1,4,1,1,1
Sangiovese,2014,3,2,3,4,2,3,1,2,5,1,1
Sangiovese,2014,4,2,3,4,2,3,1,2,1,1,1
Sangiovese,2014,4,2,3,4,1,4,1,4,6,1,2
Sangiovese,2014,#,#,#,2,3,3,1,6,6,1,6
Sangiovese,2014,2,3,3,3,3,3,1,4,1,1,1
Sangiovese,2014,3,3,3,3,2,3,1,2,5,1,1
Sangiovese,2014,3,2,3,3,2,3,1,2,1,1,1
Sangiovese,2014,3,2,3,4,2,3,1,4,6,1,2
Sangiovese,2014,#,#,#,2,3,3,1,6,6,1,6
Sangiovese,2014,2,3,3,3,3,3,1,4,1,1,1
Sangiovese,2014,3,3,3,3,2,3,1,2,5,1,1
Sangiovese,2014,3,2,3,3,2,3,1,2,1,1,1
Sangiovese,2014,3,2,3,4,3,3,1,4,6,1,2
Sangiovese,2014,#,#,#,3,3,3,1,6,6,1,6
Sangiovese,2014,3,3,3,3,2,3,1,4,1,1,1
Sangiovese,2014,3,2,3,3,2,3,1,2,5,1,1
Sangiovese,2014,3,2,3,3,2,3,1,2,1,1,1
Sangiovese,2014,3,2,3,4,2,4,1,4,6,1,2
Sangiovese,2014,#,#,#,3,3,3,1,6,6,1,6
Sangiovese,2014,3,3,3,3,2,3,1,4,1,1,1
Sangiovese,2014,3,2,3,3,2,3,1,2,5,1,1
Sangiovese,2014,3,2,3,3,2,3,1,2,1,1,1
Sangiovese,2014,#,#,#,2,3,3,1,6,6,1,6
Sangiovese,2014,2,3,3,3,2,3,1,4,1,1,1
Sangiovese,2014,3,2,3,3,2,3,1,2,5,1,1
Sangiovese,2014,3,2,3,3,2,4,1,2,1,1,1
Sangiovese,2014,3,2,4,4,1,4,1,4,6,1,2
Syrah,2003,#,#,#,4,1,4,6,6,6,1,6
Syrah,2003,4,1,4,4,1,5,1,4,2,1,1
Syrah,2004,#,#,#,3,2,4,1,6,6,1,6
Syrah,2004,3,2,4,4,2,4,1,5,1,1,1
Syrah,2004,4,2,4,5,1,4,1,5,6,1,2
Syrah,2005,#,#,#,3,2,4,1,6,6,1,6
Syrah,2005,3,2,4,3,1,4,1,4,6,1,3
Syrah,2005,3,1,4,4,1,4,1,4,6,1,1
Syrah,2005,4,1,4,4,1,4,1,3,6,1,6
Syrah,2006,#,#,#,5,2,4,1,6,6,1,6
Syrah,2006,5,2,4,5,1,4,1,4,1,1,1
Syrah,2007,#,#,#,4,1,4,1,6,6,1,6
Syrah,2007,4,1,4,4,1,4,1,4,6,1,4
Syrah,2007,4,1,4,5,1,4,1,4,6,1,1
Syrah,2008,#,#,#,4,2,4,1,6,6,1,6
Syrah,2008,4,2,4,4,1,4,1,1,1,1,1
Syrah,2008,4,1,4,5,1,4,1,2,6,1,6
Syrah,2008,5,1,4,5,1,4,1,2,6,1,2
Syrah,2010,#,#,#,4,2,4,1,6,6,1,6
Syrah,2010,4,2,4,5,2,4,1,4,6,1,2
Syrah,2010,5,2,4,5,1,4,1,3,6,1,2
Syrah,2010,5,1,4,5,1,4,1,3,6,1,6
Syrah,2013,#,#,#,3,2,4,1,1,1,1,1
Syrah,2013,3,2,4,4,1,4,1,1,1,1,1
Syrah,2013,4,1,4,4,1,4,1,1,1,1,1
Syrah,2013,4,1,4,4,1,4,1,1,1,1,1
Syrah,2013,4,1,4,5,1,4,1,1,1,1,1
Trebbiano,2003,#,#,#,2,1,4,6,6,6,1,6
Trebbiano,2003,2,1,4,2,1,4,1,4,2,1,1
Trebbiano,2003,2,1,4,3,1,4,1,3,6,1,3
Trebbiano,2003,3,1,4,3,1,4,1,3,2,1,1
Trebbiano,2004,#,#,#,2,2,3,1,6,6,1,6
Trebbiano,2004,2,2,3,3,2,4,1,5,1,1,1
Trebbiano,2004,3,2,4,3,1,4,1,5,6,1,2
Trebbiano,2004,3,1,4,3,1,4,1,3,6,1,6
Trebbiano,2004,3,1,4,4,1,4,1,4,6,1,3
Trebbiano,2005,#,#,#,2,4,3,1,6,6,1,6
Trebbiano,2005,2,4,3,2,3,3,1,4,6,1,3
Trebbiano,2005,2,3,3,3,2,3,1,4,6,1,1
Trebbiano,2005,3,2,3,3,2,3,1,3,6,1,6
Trebbiano,2005,3,2,3,4,2,4,1,4,6,1,5
Trebbiano,2005,4,2,4,3,2,4,1,2,1,1,1
Trebbiano,2006,#,#,#,2,3,3,1,6,6,1,6
Trebbiano,2006,2,3,3,2,3,3,1,4,6,1,3
Trebbiano,2006,2,3,3,3,2,3,1,4,1,1,1
Trebbiano,2006,3,2,3,3,2,4,1,4,6,1,6
Trebbiano,2007,#,#,#,3,3,3,1,6,6,1,6
Trebbiano,2007,3,3,3,3,2,3,1,4,6,1,4
Trebbiano,2007,3,2,3,3,2,4,1,4,6,1,1
Trebbiano,2007,3,2,4,4,1,4,1,3,6,1,3
Trebbiano,2008,#,#,#,2,3,3,1,6,6,1,6
Trebbiano,2008,2,3,3,2,2,3,1,1,1,1,1
Trebbiano,2008,2,2,3,3,2,4,1,2,6,1,6
Trebbiano,2008,3,2,4,3,2,3,1,2,6,1,2
Trebbiano,2008,3,2,3,3,1,3,1,2,6,1,2
Trebbiano,2010,#,#,#,2,3,3,1,6,6,1,6
Trebbiano,2010,2,3,3,2,3,3,1,4,6,1,2
Trebbiano,2010,2,3,3,3,2,3,1,3,6,1,2
Trebbiano,2010,3,2,3,3,2,3,1,3,6,1,6
Trebbiano,2010,3,2,3,4,2,3,1,2,6,1,6
Trebbiano,2010,4,2,3,4,1,4,1,2,6,1,6
Trebbiano,2011,#,#,#,3,2,3,1,6,6,1,6
Trebbiano,2011,3,2,3,3,2,3,1,1,3,1,2
Trebbiano,2011,3,2,3,3,1,3,1,1,1,1,1
Trebbiano,2011,3,1,3,4,1,3,1,2,5,1,2
Trebbiano,2013,#,#,#,1,5,3,1,1,1,1,1
Trebbiano,2013,1,5,3,2,3,3,1,1,1,1,1
Trebbiano,2013,2,3,3,3,2,3,1,1,1,1,1
Trebbiano,2013,3,2,3,3,2,3,1,1,1,1,1
Trebbiano,2013,3,2,3,4,2,3,1,1,1,1,1
Trebbiano,2013,4,2,3,4,2,4,1,1,1,1,1
Trebbiano,2014,#,#,#,1,5,3,1,6,6,1,6
Trebbiano,2014,1,5,3,2,4,3,1,4,1,1,1
Trebbiano,2014,2,4,3,2,3,3,1,2,5,1,1
Trebbiano,2014,2,3,3,2,3,3,1,2,1,1,1
Trebbiano,2014,2,3,3,3,2,3,1,4,6,1,2
